[24, 11, 40, 94, 44, 95, 62, 48, 38, 29, 48, 33, 91, 75, 54, 44, 28, 47, 44, 5, 14, 56, 28, 85, 77, 15, 77, 16, 70, 65, 12, 100, 50, 95, 1, 23, 43, 58, 82, 7, 53, 22, 92, 38, 84, 92, 51, 54, 3, 71, 47, 99, 57, 24, 12, 75, 97, 69, 77, 60, 100, 39, 43, 86, 24, 58, 43, 73, 34, 12, 20, 83, 52, 60, 41, 17, 21, 48, 92, 42, 64, 29, 91, 71, 71, 82, 28, 45, 98, 33, 50, 36, 55, 56, 96, 100, 39, 96, 52, 97]
[1, 3, 5, 7, 11, 12, 12, 12, 14, 15, 16, 17, 20, 21, 22, 23, 24, 24, 24, 28, 28, 28, 29, 29, 33, 33, 34, 36, 38, 38, 39, 39, 40, 41, 42, 43, 43, 43, 44, 44, 44, 45, 47, 47, 48, 48, 48, 50, 50, 51, 52, 52, 53, 54, 54, 55, 56, 56, 57, 58, 58, 60, 60, 62, 64, 65, 69, 70, 71, 71, 71, 73, 75, 75, 77, 77, 77, 82, 82, 83, 84, 85, 86, 91, 91, 92, 92, 92, 94, 95, 95, 96, 96, 97, 97, 98, 99, 100, 100, 100]
[12, 16, 81, 61, 76, 19, 14, 88, 9, 81, 7, 51, 69, 44, 68, 10, 20, 89, 1, 47, 21, 71, 43, 3, 74, 95, 61, 92, 46, 71, 45, 78, 80, 98, 24, 67, 7, 58, 25, 94, 3, 98, 30, 27, 78, 2, 88, 73, 38, 15, 92, 40, 24, 92, 11, 6, 66, 29, 57, 82, 58, 4, 66, 84, 72, 71, 97, 36, 91, 1, 6, 22, 34, 9, 4, 44, 4, 47, 74, 59, 70, 29, 56, 89, 26, 88, 84, 90, 84, 74, 64, 10, 59, 78, 65, 75, 8, 16, 31, 64]
[1, 1, 2, 3, 3, 4, 4, 4, 6, 6, 7, 7, 8, 9, 9, 10, 10, 11, 12, 14, 15, 16, 16, 19, 20, 21, 22, 24, 24, 25, 26, 27, 29, 29, 30, 31, 34, 36, 38, 40, 43, 44, 44, 45, 46, 47, 47, 51, 56, 57, 58, 58, 59, 59, 61, 61, 64, 64, 65, 66, 66, 67, 68, 69, 70, 71, 71, 71, 72, 73, 74, 74, 74, 75, 76, 78, 78, 78, 80, 81, 81, 82, 84, 84, 84, 88, 88, 88, 89, 89, 90, 91, 92, 92, 92, 94, 95, 97, 98, 98]
[50, 1, 85, 2, 34, 86, 80, 30, 59, 33, 66, 44, 82, 73, 41, 66, 74, 32, 44, 44, 35, 40, 50, 72, 17, 61, 21, 11, 62, 72, 11, 25, 56, 57, 86, 62, 6, 92, 50, 52, 11, 97, 10, 57, 16, 98, 25, 87, 8, 20, 82, 77, 82, 34, 12, 41, 51, 81, 26, 11, 2, 64, 69, 54, 56, 84, 56, 36, 83, 19, 78, 25, 89, 69, 1, 41, 56, 86, 9, 78, 88, 48, 49, 41, 97, 41, 3, 96, 9, 48, 16, 16, 90, 13, 31, 72, 4, 19, 92, 90]
[1, 1, 2, 2, 3, 4, 6, 8, 9, 9, 10, 11, 11, 11, 11, 12, 13, 16, 16, 16, 17, 19, 19, 20, 21, 25, 25, 25, 26, 30, 31, 32, 33, 34, 34, 35, 36, 40, 41, 41, 41, 41, 41, 44, 44, 44, 48, 48, 49, 50, 50, 50, 51, 52, 54, 56, 56, 56, 56, 57, 57, 59, 61, 62, 62, 64, 66, 66, 69, 69, 72, 72, 72, 73, 74, 77, 78, 78, 80, 81, 82, 82, 82, 83, 84, 85, 86, 86, 86, 87, 88, 89, 90, 90, 92, 92, 96, 97, 97, 98]
[25, 74, 36, 10, 84, 87, 44, 27, 81, 66, 21, 84, 12, 49, 68, 26, 61, 33, 39, 60, 53, 39, 63, 96, 6, 44, 33, 66, 88, 70, 39, 70, 28, 43, 98, 52, 21, 63, 38, 25, 48, 73, 70, 24, 70, 28, 44, 28, 24, 38, 61, 16, 88, 32, 67, 53, 16, 57, 47, 18, 69, 31, 64, 48, 23, 38, 5, 48, 81, 20, 34, 99, 44, 14, 35, 55, 53, 3, 19, 66, 26, 4, 22, 49, 93, 82, 95, 30, 28, 48, 3, 99, 56, 57, 63, 70, 26, 23, 81, 89]
[3, 3, 4, 5, 6, 10, 12, 14, 16, 16, 18, 19, 20, 21, 21, 22, 23, 23, 24, 24, 25, 25, 26, 26, 26, 27, 28, 28, 28, 28, 30, 31, 32, 33, 33, 34, 35, 36, 38, 38, 38, 39, 39, 39, 43, 44, 44, 44, 44, 47, 48, 48, 48, 48, 49, 49, 52, 53, 53, 53, 55, 56, 57, 57, 60, 61, 61, 63, 63, 63, 64, 66, 66, 66, 67, 68, 69, 70, 70, 70, 70, 70, 73, 74, 81, 81, 81, 82, 84, 84, 87, 88, 88, 89, 93, 95, 96, 98, 99, 99]
[92, 21, 20, 61, 12, 34, 16, 73, 87, 50, 74, 65, 31, 27, 97, 56, 73, 21, 52, 97, 15, 10, 76, 62, 66, 95, 13, 26, 18, 99, 28, 97, 59, 2, 46, 8, 69, 29, 66, 56, 28, 77, 80, 57, 80, 88, 98, 90, 66, 8, 43, 33, 75, 82, 36, 93, 1, 91, 64, 8, 33, 63, 1, 89, 14, 36, 77, 66, 31, 29, 8, 74, 64, 79, 55, 78, 71, 82, 48, 71, 5, 85, 66, 97, 85, 72, 27, 42, 30, 87, 49, 31, 54, 75, 40, 61, 86, 36, 95, 21]
[1, 1, 2, 5, 8, 8, 8, 8, 10, 12, 13, 14, 15, 16, 18, 20, 21, 21, 21, 26, 27, 27, 28, 28, 29, 29, 30, 31, 31, 31, 33, 33, 34, 36, 36, 36, 40, 42, 43, 46, 48, 49, 50, 52, 54, 55, 56, 56, 57, 59, 61, 61, 62, 63, 64, 64, 65, 66, 66, 66, 66, 66, 69, 71, 71, 72, 73, 73, 74, 74, 75, 75, 76, 77, 77, 78, 79, 80, 80, 82, 82, 85, 85, 86, 87, 87, 88, 89, 90, 91, 92, 93, 95, 95, 97, 97, 97, 97, 98, 99]
[30, 2, 40, 100, 44, 53, 56, 14, 67, 35, 57, 67, 37, 93, 9, 19, 4, 59, 24, 69, 73, 36, 61, 58, 97, 55, 66, 89, 58, 20, 29, 1, 92, 69, 94, 20, 31, 13, 1, 16, 74, 2, 65, 2, 63, 28, 54, 60, 22, 55, 71, 91, 92, 25, 53, 40, 25, 3, 54, 6, 80, 36, 84, 65, 85, 68, 27, 93, 45, 61, 99, 90, 51, 39, 71, 36, 62, 86, 67, 67, 87, 33, 24, 67, 73, 92, 68, 35, 64, 99, 95, 63, 23, 11, 97, 87, 43, 52, 26, 47]
[1, 1, 2, 2, 2, 3, 4, 6, 9, 11, 13, 14, 16, 19, 20, 20, 22, 23, 24, 24, 25, 25, 26, 27, 28, 29, 30, 31, 33, 35, 35, 36, 36, 36, 37, 39, 40, 40, 43, 44, 45, 47, 51, 52, 53, 53, 54, 54, 55, 55, 56, 57, 58, 58, 59, 60, 61, 61, 62, 63, 63, 64, 65, 65, 66, 67, 67, 67, 67, 67, 68, 68, 69, 69, 71, 71, 73, 73, 74, 80, 84, 85, 86, 87, 87, 89, 90, 91, 92, 92, 92, 93, 93, 94, 95, 97, 97, 99, 99, 100]
[37, 10, 97, 18, 19, 96, 9, 5, 3, 98, 55, 83, 50, 37, 56, 32, 62, 94, 20, 27, 84, 67, 31, 67, 4, 8, 27, 80, 62, 62, 64, 12, 3, 90, 99, 11, 25, 7, 67, 45, 6, 64, 57, 67, 75, 1, 24, 57, 100, 5, 56, 35, 53, 24, 75, 51, 77, 82, 21, 59, 95, 76, 9, 50, 49, 91, 41, 36, 50, 8, 89, 54, 67, 95, 62, 76, 88, 38, 69, 53, 23, 77, 52, 37, 35, 67, 51, 4, 25, 35, 10, 81, 23, 51, 19, 59, 81, 79, 70, 32]
[1, 3, 3, 4, 4, 5, 5, 6, 7, 8, 8, 9, 9, 10, 10, 11, 12, 18, 19, 19, 20, 21, 23, 23, 24, 24, 25, 25, 27, 27, 31, 32, 32, 35, 35, 35, 36, 37, 37, 37, 38, 41, 45, 49, 50, 50, 50, 51, 51, 51, 52, 53, 53, 54, 55, 56, 56, 57, 57, 59, 59, 62, 62, 62, 62, 64, 64, 67, 67, 67, 67, 67, 67, 69, 70, 75, 75, 76, 76, 77, 77, 79, 80, 81, 81, 82, 83, 84, 88, 89, 90, 91, 94, 95, 95, 96, 97, 98, 99, 100]
[93, 27, 61, 81, 31, 8, 1, 81, 15, 42, 28, 34, 47, 23, 39, 83, 93, 82, 50, 48, 34, 96, 32, 1, 20, 15, 51, 68, 7, 93, 59, 100, 10, 1, 81, 88, 53, 54, 19, 12, 90, 36, 24, 65, 82, 72, 77, 26, 51, 95, 84, 99, 40, 45, 36, 26, 93, 76, 16, 5, 87, 72, 27, 99, 99, 43, 79, 44, 94, 15, 65, 59, 96, 24, 73, 56, 11, 88, 28, 60, 40, 70, 81, 98, 34, 50, 84, 63, 13, 24, 69, 26, 71, 83, 2, 22, 59, 40, 90, 76]
[1, 1, 1, 2, 5, 7, 8, 10, 11, 12, 13, 15, 15, 15, 16, 19, 20, 22, 23, 24, 24, 24, 26, 26, 26, 27, 27, 28, 28, 31, 32, 34, 34, 34, 36, 36, 39, 40, 40, 40, 42, 43, 44, 45, 47, 48, 50, 50, 51, 51, 53, 54, 56, 59, 59, 59, 60, 61, 63, 65, 65, 68, 69, 70, 71, 72, 72, 73, 76, 76, 77, 79, 81, 81, 81, 81, 82, 82, 83, 83, 84, 84, 87, 88, 88, 90, 90, 93, 93, 93, 93, 94, 95, 96, 96, 98, 99, 99, 99, 100]
[30, 59, 53, 74, 44, 91, 38, 26, 44, 98, 66, 35, 19, 58, 92, 5, 91, 78, 76, 6, 51, 35, 93, 82, 5, 62, 75, 17, 32, 14, 9, 70, 75, 64, 95, 27, 100, 75, 28, 27, 36, 30, 58, 10, 49, 98, 23, 19, 54, 55, 50, 80, 47, 38, 69, 55, 52, 29, 25, 67, 40, 26, 67, 63, 2, 13, 71, 41, 11, 25, 73, 25, 41, 55, 14, 39, 13, 41, 64, 70, 2, 39, 61, 90, 19, 60, 63, 45, 93, 99, 95, 40, 44, 96, 80, 89, 79, 14, 49, 15]
[2, 2, 5, 5, 6, 9, 10, 11, 13, 13, 14, 14, 14, 15, 17, 19, 19, 19, 23, 25, 25, 25, 26, 26, 27, 27, 28, 29, 30, 30, 32, 35, 35, 36, 38, 38, 39, 39, 40, 40, 41, 41, 41, 44, 44, 44, 45, 47, 49, 49, 50, 51, 52, 53, 54, 55, 55, 55, 58, 58, 59, 60, 61, 62, 63, 63, 64, 64, 66, 67, 67, 69, 70, 70, 71, 73, 74, 75, 75, 75, 76, 78, 79, 80, 80, 82, 89, 90, 91, 91, 92, 93, 93, 95, 95, 96, 98, 98, 99, 100]
[3, 77, 100, 32, 100, 63, 9, 64, 71, 33, 24, 46, 76, 89, 44, 58, 23, 96, 81, 73, 19, 94, 33, 94, 87, 59, 74, 83, 83, 48, 75, 38, 25, 44, 8, 46, 59, 100, 62, 6, 100, 68, 15, 29, 85, 56, 34, 73, 96, 80, 75, 2, 22, 49, 48, 46, 97, 12, 42, 54, 28, 13, 80, 40, 59, 53, 87, 21, 44, 77, 51, 69, 24, 44, 52, 47, 35, 2, 67, 13, 81, 15, 90, 93, 23, 40, 73, 28, 29, 85, 6, 83, 37, 88, 44, 28, 27, 62, 63, 81]
[2, 2, 3, 6, 6, 8, 9, 12, 13, 13, 15, 15, 19, 21, 22, 23, 23, 24, 24, 25, 27, 28, 28, 28, 29, 29, 32, 33, 33, 34, 35, 37, 38, 40, 40, 42, 44, 44, 44, 44, 44, 46, 46, 46, 47, 48, 48, 49, 51, 52, 53, 54, 56, 58, 59, 59, 59, 62, 62, 63, 63, 64, 67, 68, 69, 71, 73, 73, 73, 74, 75, 75, 76, 77, 77, 80, 80, 81, 81, 81, 83, 83, 83, 85, 85, 87, 87, 88, 89, 90, 93, 94, 94, 96, 96, 97, 100, 100, 100, 100]
Время работы быстрой сортировки 10 раз массива из 100 чисел в диапазоне 100 - 11 мс

***Repl Closed***
