[49, 44, 87, 51, 48, 58, 44, 31, 13, 68, 59, 21, 97, 38, 10, 39, 12, 58, 28, 100, 33, 6, 54, 99, 54, 59, 87, 95, 47, 30, 5, 62, 31, 29, 5, 55, 10, 96, 77, 78, 3, 4, 79, 70, 53, 34, 53, 9, 16, 26, 28, 89, 66, 90, 36, 37, 71, 21, 50, 69, 6, 3, 98, 45, 5, 24, 26, 14, 46, 76, 30, 62, 52, 62, 81, 87, 49, 73, 2, 47, 94, 61, 41, 86, 91, 23, 44, 92, 19, 47, 55, 92, 80, 85, 83, 55, 56, 49, 35, 55]
[2, 3, 3, 4, 5, 5, 5, 6, 6, 9, 10, 10, 12, 13, 14, 16, 19, 21, 21, 23, 24, 26, 26, 28, 28, 29, 30, 30, 31, 31, 33, 34, 35, 36, 37, 38, 39, 41, 44, 44, 44, 45, 46, 47, 47, 47, 48, 49, 49, 49, 50, 51, 52, 53, 53, 54, 54, 55, 55, 55, 55, 56, 58, 58, 59, 59, 61, 62, 62, 62, 66, 68, 69, 70, 71, 73, 76, 77, 78, 79, 80, 81, 83, 85, 86, 87, 87, 87, 89, 90, 91, 92, 92, 94, 95, 96, 97, 98, 99, 100]
[55, 36, 43, 11, 58, 16, 54, 53, 11, 11, 60, 73, 95, 72, 31, 10, 48, 85, 24, 42, 81, 99, 29, 31, 40, 35, 82, 35, 64, 20, 96, 67, 86, 97, 60, 85, 69, 20, 45, 25, 55, 99, 96, 10, 12, 48, 22, 89, 24, 51, 57, 93, 50, 22, 70, 18, 54, 92, 15, 60, 58, 92, 82, 45, 60, 13, 74, 61, 89, 45, 63, 68, 58, 61, 4, 31, 89, 62, 88, 72, 85, 81, 96, 25, 26, 92, 5, 74, 15, 70, 100, 88, 81, 31, 53, 66, 44, 35, 75, 14]
[4, 5, 10, 10, 11, 11, 11, 12, 13, 14, 15, 15, 16, 18, 20, 20, 22, 22, 24, 24, 25, 25, 26, 29, 31, 31, 31, 31, 35, 35, 35, 36, 40, 42, 43, 44, 45, 45, 45, 48, 48, 50, 51, 53, 53, 54, 54, 55, 55, 57, 58, 58, 58, 60, 60, 60, 60, 61, 61, 62, 63, 64, 66, 67, 68, 69, 70, 70, 72, 72, 73, 74, 74, 75, 81, 81, 81, 82, 82, 85, 85, 85, 86, 88, 88, 89, 89, 89, 92, 92, 92, 93, 95, 96, 96, 96, 97, 99, 99, 100]
[78, 74, 84, 64, 83, 84, 51, 49, 56, 76, 81, 99, 29, 88, 37, 95, 85, 58, 100, 22, 89, 73, 79, 10, 91, 84, 78, 95, 78, 96, 66, 42, 50, 78, 64, 32, 22, 48, 93, 19, 70, 70, 9, 40, 60, 36, 97, 22, 68, 94, 85, 54, 43, 85, 80, 59, 2, 42, 58, 86, 44, 8, 65, 82, 23, 87, 17, 69, 55, 51, 45, 16, 88, 13, 68, 48, 58, 54, 15, 10, 24, 12, 35, 31, 52, 78, 57, 20, 88, 44, 98, 91, 15, 71, 97, 82, 79, 98, 71, 91]
[2, 8, 9, 10, 10, 12, 13, 15, 15, 16, 17, 19, 20, 22, 22, 22, 23, 24, 29, 31, 32, 35, 36, 37, 40, 42, 42, 43, 44, 44, 45, 48, 48, 49, 50, 51, 51, 52, 54, 54, 55, 56, 57, 58, 58, 58, 59, 60, 64, 64, 65, 66, 68, 68, 69, 70, 70, 71, 71, 73, 74, 76, 78, 78, 78, 78, 78, 79, 79, 80, 81, 82, 82, 83, 84, 84, 84, 85, 85, 85, 86, 87, 88, 88, 88, 89, 91, 91, 91, 93, 94, 95, 95, 96, 97, 97, 98, 98, 99, 100]
[23, 52, 91, 47, 26, 27, 90, 30, 16, 58, 16, 40, 59, 60, 89, 27, 92, 99, 65, 19, 46, 74, 18, 22, 17, 51, 9, 58, 32, 68, 69, 69, 64, 21, 40, 11, 98, 23, 50, 60, 10, 51, 5, 28, 11, 100, 23, 13, 60, 73, 49, 41, 3, 18, 43, 71, 96, 31, 59, 89, 2, 85, 57, 27, 18, 39, 3, 3, 97, 67, 37, 63, 43, 85, 18, 36, 15, 19, 10, 93, 76, 52, 57, 33, 71, 42, 96, 4, 90, 8, 59, 17, 17, 11, 99, 91, 84, 87, 36, 48]
[2, 3, 3, 3, 4, 5, 8, 9, 10, 10, 11, 11, 11, 13, 15, 16, 16, 17, 17, 17, 18, 18, 18, 18, 19, 19, 21, 22, 23, 23, 23, 26, 27, 27, 27, 28, 30, 31, 32, 33, 36, 36, 37, 39, 40, 40, 41, 42, 43, 43, 46, 47, 48, 49, 50, 51, 51, 52, 52, 57, 57, 58, 58, 59, 59, 59, 60, 60, 60, 63, 64, 65, 67, 68, 69, 69, 71, 71, 73, 74, 76, 84, 85, 85, 87, 89, 89, 90, 90, 91, 91, 92, 93, 96, 96, 97, 98, 99, 99, 100]
[98, 40, 11, 49, 11, 84, 11, 87, 58, 8, 38, 27, 8, 28, 47, 69, 100, 5, 97, 17, 80, 94, 90, 36, 51, 24, 63, 4, 79, 36, 92, 19, 23, 41, 37, 7, 29, 24, 77, 48, 51, 39, 67, 73, 87, 44, 25, 100, 14, 14, 28, 63, 92, 6, 75, 94, 76, 46, 93, 59, 81, 29, 74, 32, 79, 55, 62, 23, 80, 13, 19, 52, 4, 22, 39, 63, 67, 40, 47, 26, 98, 28, 9, 64, 63, 88, 17, 16, 74, 62, 91, 61, 8, 56, 40, 55, 6, 48, 39, 99]
[4, 4, 5, 6, 6, 7, 8, 8, 8, 9, 11, 11, 11, 13, 14, 14, 16, 17, 17, 19, 19, 22, 23, 23, 24, 24, 25, 26, 27, 28, 28, 28, 29, 29, 32, 36, 36, 37, 38, 39, 39, 39, 40, 40, 40, 41, 44, 46, 47, 47, 48, 48, 49, 51, 51, 52, 55, 55, 56, 58, 59, 61, 62, 62, 63, 63, 63, 63, 64, 67, 67, 69, 73, 74, 74, 75, 76, 77, 79, 79, 80, 80, 81, 84, 87, 87, 88, 90, 91, 92, 92, 93, 94, 94, 97, 98, 98, 99, 100, 100]
[82, 66, 19, 62, 55, 99, 81, 13, 60, 57, 19, 6, 36, 61, 36, 88, 3, 55, 89, 33, 16, 12, 14, 33, 30, 12, 54, 2, 77, 35, 27, 68, 30, 100, 1, 61, 76, 87, 22, 28, 57, 57, 8, 56, 86, 45, 78, 4, 75, 92, 66, 17, 58, 16, 56, 58, 20, 82, 73, 68, 80, 66, 30, 50, 9, 53, 36, 46, 8, 26, 81, 93, 51, 62, 7, 25, 17, 12, 30, 17, 87, 23, 10, 51, 24, 4, 13, 54, 88, 19, 67, 83, 27, 69, 3, 71, 6, 48, 70, 7]
[1, 2, 3, 3, 4, 4, 6, 6, 7, 7, 8, 8, 9, 10, 12, 12, 12, 13, 13, 14, 16, 16, 17, 17, 17, 19, 19, 19, 20, 22, 23, 24, 25, 26, 27, 27, 28, 30, 30, 30, 30, 33, 33, 35, 36, 36, 36, 45, 46, 48, 50, 51, 51, 53, 54, 54, 55, 55, 56, 56, 57, 57, 57, 58, 58, 60, 61, 61, 62, 62, 66, 66, 66, 67, 68, 68, 69, 70, 71, 73, 75, 76, 77, 78, 80, 81, 81, 82, 82, 83, 86, 87, 87, 88, 88, 89, 92, 93, 99, 100]
[88, 90, 17, 50, 1, 35, 23, 49, 17, 44, 10, 35, 72, 31, 37, 98, 18, 7, 60, 55, 57, 19, 86, 18, 68, 80, 62, 30, 5, 67, 40, 75, 6, 17, 35, 36, 38, 38, 10, 92, 43, 31, 100, 25, 46, 51, 98, 88, 3, 69, 53, 46, 18, 2, 33, 98, 4, 5, 55, 47, 11, 55, 45, 78, 52, 53, 5, 77, 92, 100, 77, 99, 68, 45, 75, 7, 71, 8, 63, 99, 100, 27, 53, 55, 84, 55, 100, 73, 92, 24, 52, 46, 31, 46, 14, 76, 88, 67, 68, 32]
[1, 2, 3, 4, 5, 5, 5, 6, 7, 7, 8, 10, 10, 11, 14, 17, 17, 17, 18, 18, 18, 19, 23, 24, 25, 27, 30, 31, 31, 31, 32, 33, 35, 35, 35, 36, 37, 38, 38, 40, 43, 44, 45, 45, 46, 46, 46, 46, 47, 49, 50, 51, 52, 52, 53, 53, 53, 55, 55, 55, 55, 55, 57, 60, 62, 63, 67, 67, 68, 68, 68, 69, 71, 72, 73, 75, 75, 76, 77, 77, 78, 80, 84, 86, 88, 88, 88, 90, 92, 92, 92, 98, 98, 98, 99, 99, 100, 100, 100, 100]
[83, 18, 81, 81, 31, 38, 90, 92, 19, 62, 82, 38, 26, 97, 31, 62, 16, 84, 11, 67, 59, 36, 54, 69, 76, 34, 40, 7, 26, 43, 60, 44, 57, 56, 30, 72, 12, 13, 70, 48, 19, 55, 63, 36, 94, 8, 48, 16, 12, 31, 75, 13, 99, 26, 39, 24, 28, 36, 60, 81, 52, 97, 46, 86, 9, 10, 71, 19, 94, 51, 92, 85, 56, 22, 27, 1, 72, 28, 16, 58, 22, 57, 91, 33, 88, 53, 97, 45, 47, 47, 50, 53, 47, 100, 21, 80, 36, 42, 79, 51]
[1, 7, 8, 9, 10, 11, 12, 12, 13, 13, 16, 16, 16, 18, 19, 19, 19, 21, 22, 22, 24, 26, 26, 26, 27, 28, 28, 30, 31, 31, 31, 33, 34, 36, 36, 36, 36, 38, 38, 39, 40, 42, 43, 44, 45, 46, 47, 47, 47, 48, 48, 50, 51, 51, 52, 53, 53, 54, 55, 56, 56, 57, 57, 58, 59, 60, 60, 62, 62, 63, 67, 69, 70, 71, 72, 72, 75, 76, 79, 80, 81, 81, 81, 82, 83, 84, 85, 86, 88, 90, 91, 92, 92, 94, 94, 97, 97, 97, 99, 100]
[57, 38, 23, 24, 54, 18, 34, 68, 89, 100, 97, 25, 7, 94, 52, 14, 37, 74, 71, 21, 45, 91, 92, 88, 15, 30, 38, 68, 98, 56, 91, 39, 78, 68, 18, 12, 79, 27, 99, 20, 24, 71, 50, 24, 43, 8, 73, 56, 2, 36, 17, 11, 60, 74, 49, 13, 81, 7, 37, 74, 76, 62, 71, 53, 20, 63, 75, 40, 72, 20, 12, 24, 1, 68, 94, 28, 78, 8, 96, 84, 74, 95, 61, 15, 87, 93, 60, 44, 98, 4, 85, 35, 54, 78, 11, 78, 95, 92, 36, 62]
[1, 2, 4, 7, 7, 8, 8, 11, 11, 12, 12, 13, 14, 15, 15, 17, 18, 18, 20, 20, 20, 21, 23, 24, 24, 24, 24, 25, 27, 28, 30, 34, 35, 36, 36, 37, 37, 38, 38, 39, 40, 43, 44, 45, 49, 50, 52, 53, 54, 54, 56, 56, 57, 60, 60, 61, 62, 62, 63, 68, 68, 68, 68, 71, 71, 71, 72, 73, 74, 74, 74, 74, 75, 76, 78, 78, 78, 78, 79, 81, 84, 85, 87, 88, 89, 91, 91, 92, 92, 93, 94, 94, 95, 95, 96, 97, 98, 98, 99, 100]
[61, 36, 51, 84, 43, 16, 14, 32, 87, 34, 2, 74, 52, 41, 94, 20, 56, 74, 30, 27, 64, 15, 92, 45, 21, 93, 92, 75, 72, 81, 93, 90, 47, 78, 85, 80, 57, 18, 59, 80, 79, 47, 29, 59, 68, 17, 59, 9, 49, 64, 18, 64, 13, 93, 11, 7, 94, 98, 63, 6, 94, 15, 84, 37, 2, 9, 58, 60, 1, 74, 29, 93, 67, 48, 67, 94, 55, 100, 19, 85, 22, 96, 50, 1, 12, 46, 66, 14, 87, 62, 73, 51, 45, 62, 94, 55, 83, 7, 40, 16]
[1, 1, 2, 2, 6, 7, 7, 9, 9, 11, 12, 13, 14, 14, 15, 15, 16, 16, 17, 18, 18, 19, 20, 21, 22, 27, 29, 29, 30, 32, 34, 36, 37, 40, 41, 43, 45, 45, 46, 47, 47, 48, 49, 50, 51, 51, 52, 55, 55, 56, 57, 58, 59, 59, 59, 60, 61, 62, 62, 63, 64, 64, 64, 66, 67, 67, 68, 72, 73, 74, 74, 74, 75, 78, 79, 80, 80, 81, 83, 84, 84, 85, 85, 87, 87, 90, 92, 92, 93, 93, 93, 93, 94, 94, 94, 94, 94, 96, 98, 100]
Время работы быстрой сортировки 10 раз массива из 100 чисел в диапазоне 100 - 10 мс

***Repl Closed***
